,X,Y,Z,R_x,R_y,R_z, Fx, Fy, Fz, Tx, Ty, Tz
8600,0.730801,0.7456719713579877,0.668099373991891,140.96933,12.194908,98.015015,-295.0,-164.0,-1701.0,620.0,-1468.0,410.0
8601,0.730801,0.7456719713579877,0.668099373991891,140.96933,12.194908,98.015015,-296.57894736842104,-167.15789473684214,-1702.0526315789475,620.0,-1464.842105263158,413.15789473684214
8602,0.730801,0.7456719713579877,0.668099373991891,140.96933,12.194908,98.015015,-299.3173431734317,-165.99261992619927,-1702.4022140221402,620.0,-1461.579335793358,414.57564575645756
8603,0.730801,0.7456719713579877,0.668099373991891,140.96933,12.194908,98.015015,-296.31724338470485,-165.41320151206745,-1701.9944751381217,620.5815644082583,-1464.6094794998546,415.2806048269846
8604,0.730801,0.7456719713579877,0.668099373991891,140.96933,12.194908,98.015015,-294.53041439769476,-163.11455153720297,-1702.7284071207052,621.4163268296256,-1467.3909794632607,416.677248418842
8605,0.730801,0.7456719713579877,0.668099373991891,140.96933,12.194908,98.015015,-292.2830102505767,-162.02300243939396,-1704.4937329130378,620.9006336448558,-1472.4296235906256,416.7461301565011
8606,0.726243,0.7459889326770146,0.6833337816606284,139.839264,10.359409,107.460052,-291.07868345041453,-161.44355362274058,-1704.974133947067,621.4947198895311,-1474.2640724197345,416.6031119999096
8607,0.726181,0.7459932441297964,0.6835410070391852,139.696991,10.732911,107.464989,-291.41603304350565,-161.190090846218,-1703.574015448698,621.9346032736763,-1473.515375857464,416.848381109014
8608,0.726181,0.7459932441297964,0.6835410070391852,139.696991,10.732911,107.464989,-293.3070474748542,-160.99581551953017,-1701.5213814276594,622.7614994782285,-1470.4928497159615,415.89366731203
8609,0.726181,0.7459932441297964,0.6835410070391852,139.696991,10.732911,107.464989,-294.94877917598006,-162.07119593247785,-1700.0595257155408,622.3375154358989,-1467.1929666721296,414.52818705472123
8610,0.726181,0.7459932441297964,0.6835410070391852,139.696991,10.732911,107.464989,-298.8910173787093,-162.64374981412269,-1699.4679214598632,622.1425961573035,-1464.3959303782483,414.59694546786346
8611,0.727943,0.7458707154233187,0.6776517954743948,140.864929,11.93292,98.12941,-301.55402869157456,-163.94762875863688,-1699.6814306018955,622.4014423525033,-1462.668444227626,413.6776008455233
8612,0.726504,0.7459707828515942,0.6824614296638005,141.157913,11.200167,104.37587,-303.4909704220274,-164.22281437398271,-1700.9308810922741,622.6157798276279,-1461.50616368559,414.1230740802496
8613,0.725876,0.7460144536959007,0.684560422207892,141.233444,11.335344,104.243286,-305.2425870894337,-164.97189961173603,-1703.533096371768,623.5732374344137,-1462.2185090987657,415.01475456640344
8614,0.720818,0.7463661847954264,0.7014660022843451,140.409958,9.426599,111.517502,-306.59723924675586,-165.6050748086743,-1704.7252381562066,624.0047604539999,-1461.939138197819,415.5166058357525
8615,0.723001,0.7462143799337687,0.6941696635522576,140.295822,10.212716,106.658173,-308.24235940955583,-166.75825370553,-1705.495433000093,624.6179004962968,-1461.2101394356405,415.2077053727479
8616,0.723001,0.7462143799337687,0.6941696635522576,140.295822,10.212716,106.658173,-310.01349976360035,-166.90728206532384,-1705.7960189681382,624.6637582230873,-1460.3448135161964,414.582701864828
8617,0.723412,0.7461857991741987,0.692795959833115,140.514725,10.491765,106.906647,-310.83553248942525,-167.97713269955932,-1705.702359250104,624.8209806424775,-1458.6570004828936,414.3964809124069
8618,0.722681,0.7462366325932879,0.6952392138931955,140.149841,10.71219,105.243118,-311.77949451251345,-168.90472314413915,-1706.5461002187737,625.4197701635342,-1458.465420869641,414.1194038136938
8619,0.722466,0.7462515835989023,0.6959578180285133,140.466644,10.123324,110.239288,-312.7153195370243,-169.94013242639377,-1708.646898185684,626.3965463251999,-1458.9816388360755,414.44733182259296
8620,0.718538,0.7465247349945008,0.7090865484635289,140.501862,9.258286,111.424767,-314.9930101923858,-170.95743096106284,-1710.707699122414,627.4748821034841,-1459.6574180285888,414.9585338493426
8621,0.722299,0.7462631967055889,0.6965159896126907,140.153473,10.990494,100.53727,-316.4357899228271,-172.18231043102682,-1712.8476670220937,628.6423641255511,-1460.8046525424534,415.4068270770362
8622,0.722299,0.7462631967055889,0.6965159896126907,140.153473,10.990494,100.53727,-318.3630201532939,-172.60120582771904,-1713.3032811150033,629.5594044274891,-1459.7288385607249,415.471912884141
8623,0.722299,0.7462631967055889,0.6965159896126907,140.153473,10.990494,100.53727,-321.6922814713818,-172.97054621383202,-1714.574340923353,630.476627615995,-1458.2369522393187,415.5292990891849
8624,0.720397,0.7463954609506063,0.7028731294516417,139.829178,10.440343,105.809906,-324.4187887318127,-174.05106157262347,-1716.7748833273863,630.8562153838662,-1457.4572848504317,415.1490728123669
8625,0.720397,0.7463954609506063,0.7028731294516417,139.829178,10.440343,105.809906,-326.2983498410578,-175.11467644313058,-1716.7989499594535,631.8337533756255,-1455.6978797618524,415.13313582962456
8626,0.720397,0.7463954609506063,0.7028731294516417,139.829178,10.440343,105.809906,-329.9827624830973,-176.8012846207747,-1718.2005581087724,632.4884483804083,-1454.7743911667358,415.54369622571886
8627,0.720397,0.7463954609506063,0.7028731294516417,139.829178,10.440343,105.809906,-334.4165262099739,-178.29956849037296,-1722.9279069822373,633.4921310366109,-1454.6926754788801,415.9084140227256
8628,0.719904,0.7464297439541782,0.7045209054456496,139.376053,10.368422,104.528801,-338.2557037941049,-179.7373321605639,-1728.812277718725,634.2800289381136,-1456.9287289260951,416.8625118563126
8629,0.719208,0.7464781434886324,0.70684717743719,140.092102,10.325281,102.881523,-340.63081722402364,-180.1824688023433,-1734.0532195411586,635.1906273664009,-1459.1291337423197,417.71228347381674
8630,0.716623,0.7466579032538111,0.7154871387850803,143.278641,9.413541,105.369904,-341.50093216373557,-180.37143122445852,-1737.0627160246263,635.7946077136049,-1461.2990054038235,417.8461628999851
8631,0.717663,0.7465855821103736,0.7120111001770315,139.603043,10.229032,104.85923,-341.0348346318219,-180.85074626500827,-1736.8491098619156,636.6443234955682,-1460.5431512206485,418.2763167325373
8632,0.717663,0.7465855821103736,0.7120111001770315,139.603043,10.229032,104.85923,-340.6184846405833,-181.27890303321533,-1735.4200359850843,637.5065362395493,-1458.2169491158127,418.6605593687921
8633,0.717663,0.7465855821103736,0.7120111001770315,139.603043,10.229032,104.85923,-340.86344934026425,-182.07310164805824,-1735.1711090210154,637.557294342538,-1455.7259730891885,418.48975281679145
8634,0.716314,0.7466793909781594,0.7165199233330486,139.597961,10.02835,105.433655,-343.33907311914174,-183.29641286533075,-1736.7946375629874,637.9104037867762,-1454.3181354140017,418.5420875549926
8635,0.714984,0.7467718785942861,0.7209652419375732,142.694519,10.38359,110.473701,-344.53204147499264,-183.87991699292013,-1738.861742369675,638.840312769195,-1453.8763695957425,419.2027627543539
8636,0.715094,0.7467642292425763,0.7205975840078755,142.867554,10.431244,109.713089,-346.2129180404607,-184.70872993992444,-1742.8565654052181,639.6731681001688,-1455.8283093060822,419.79448395743253
8637,0.714785,0.7467857169669246,0.7216303685558438,139.490891,9.821895,104.817505,-348.63583972002186,-185.0439744896936,-1746.5380893265824,640.7250459611795,-1456.3550910914057,420.52842858593544
8638,0.714785,0.7467857169669246,0.7216303685558438,139.490891,9.821895,104.817505,-351.4179468590785,-185.7511918146061,-1749.431804465857,641.4646886675745,-1456.7256680428654,421.38973107316514
8639,0.714785,0.7467857169669246,0.7216303685558438,139.490891,9.821895,104.817505,-353.30403014950423,-186.385447492069,-1751.4179814690565,642.4325252804991,-1456.2460114912371,421.9591748476206
8640,0.714785,0.7467857169669246,0.7216303685558438,139.490891,9.821895,104.817505,-354.6920922394947,-187.35986522182168,-1751.476968007965,643.098127116997,-1455.1062483065205,422.26735704737575
8641,0.714735,0.7467891939449744,0.7217974857966154,140.054688,10.019145,104.807236,-355.6341619595719,-188.63919550082844,-1752.7444461079642,644.3027366107503,-1454.6906476911915,422.5439326482184
8642,0.71361,0.7468674259510968,0.7255576237139758,139.162308,9.615968,106.434868,-357.9961973173795,-189.58547233311288,-1755.9040470301786,645.2830258244198,-1455.530633995981,423.3987502686416
8643,0.721324,0.7463309977775616,0.6997747758077364,139.143356,12.850473,111.306046,-359.9151874478036,-190.3341859275518,-1760.4578034607428,646.7691351397135,-1457.5976156413794,424.57023600267433
8644,0.721324,0.7463309977775616,0.6997747758077364,139.143356,12.850473,111.306046,-361.73959203983594,-190.90575597736802,-1765.3547636043968,648.6082735588611,-1460.4628618416914,425.925037056648
8645,0.721324,0.7463309977775616,0.6997747758077364,139.143356,12.850473,111.306046,-365.4951332399481,-191.21763020382895,-1771.3665105212206,649.7564654422093,-1463.5407530072862,427.0413017971721
8646,0.7138,0.7468542134345072,0.724922578199044,139.444046,10.033772,104.960709,-368.46662734067894,-192.1021202187133,-1777.3723184319385,651.2916722737173,-1466.20551665418,427.23856620789275
8647,0.712179,0.7469669370628842,0.7303405191448586,144.384369,10.382193,109.402504,-371.43887609045873,-192.6956848619559,-1782.1655846338228,652.9732041044437,-1466.8893157875527,427.8183988800046
8648,0.711959,0.7469822357663037,0.7310758350042534,144.34787,10.453898,109.684258,-374.0097101490052,-193.22917134175256,-1784.6633292976878,653.9816585244298,-1466.1964163779103,427.9372395230707
8649,0.711238,0.7470323737897829,0.7334856656161794,139.01857,9.723805,106.532127,-377.9289379531937,-194.31183400758235,-1787.6121941545077,654.6871285056858,-1464.5683842283902,428.4461383207703
8650,0.715402,0.7467428110577892,0.7195681418047224,137.460175,11.547072,106.143898,-383.5621733438785,-195.48609730699556,-1793.8800475356802,655.3213574612374,-1465.6164069517265,428.6022485902058
8651,0.714746,0.7467884290098035,0.7217607200036458,137.460175,11.420049,106.336388,-388.4262614269112,-196.74273347676848,-1799.1138917679932,656.3936982639021,-1466.5586999130967,429.44554411720463
8652,0.710533,0.7470813991802863,0.7358420187110593,139.603485,9.901991,107.636162,-392.90044524977367,-198.17383693092196,-1803.5190532326988,657.3579512343975,-1467.3056362378409,429.6015759329508
8653,0.712168,0.7469677019980552,0.7303772849378283,140.907074,10.999873,101.196243,-395.82027380947693,-199.56114426763972,-1806.0757932494466,657.6230525223091,-1465.9705581919484,429.8422320924474
8654,0.709777,0.7471339710884004,0.7383688313915253,139.297195,9.941298,107.435616,-398.1453221381847,-200.708521600066,-1806.1684960425291,657.4602518264172,-1463.566185258278,429.55714127981105
8655,0.711273,0.747029939905148,0.7333686835476394,141.036087,10.939074,103.105484,-398.23102465734854,-202.04131987784768,-1804.9483044219523,657.1132763029899,-1461.4036436879817,429.100175555865
8656,0.711273,0.747029939905148,0.7333686835476394,141.036087,10.939074,103.105484,-398.3081122151189,-202.43816612984662,-1801.3445907003666,655.9992024419596,-1457.453542181883,428.28815634474205
8657,0.711441,0.7470182572589005,0.7328071696186469,139.978409,11.292613,99.019157,-397.07456432909265,-202.49447443860367,-1800.0071645085495,654.9970589110388,-1455.5038625385087,427.75816490771075
8658,0.711441,0.7470182572589005,0.7328071696186469,139.978409,11.292613,99.019157,-394.6622913635553,-201.9439277301815,-1797.7018450768467,654.2959531373832,-1455.753975680093,427.48179659838587
8659,0.710662,0.7470724285769176,0.7354108562298682,139.883362,11.229389,98.950157,-392.39198245871376,-200.8475647816524,-1797.431174170756,654.1661245202828,-1457.7822228932164,427.4335302033383
8660,0.710737,0.7470672131098427,0.7351601803687111,138.620575,11.606393,101.173233,-390.44964284898623,-199.7610510747972,-1797.1876629206786,653.9491611714192,-1459.8072757406371,427.18978296834183
8661,0.707482,0.7472935643808898,0.7460395127429407,139.552078,10.38346,106.195381,-387.50038568923816,-198.18264847868213,-1795.4663911827467,653.5536693849981,-1460.5275966500892,426.77019392678585
8662,0.707482,0.7472935643808898,0.7460395127429407,139.552078,10.38346,106.195381,-384.2460839182531,-196.86265441151465,-1790.7135257132322,652.2966557328343,-1459.0729313436957,426.59294233088144
8663,0.707482,0.7472935643808898,0.7460395127429407,139.552078,10.38346,106.195381,-379.51589855057057,-196.1755788956481,-1784.5348884144898,651.0655386497863,-1456.9631507390513,425.9328698601669
8664,0.706965,0.7473295163339255,0.747767505012519,139.570129,10.449938,105.734573,-374.7592613487614,-195.55736500905846,-1779.1757128628362,649.757596906096,-1455.9657773356596,425.1387402099864
8665,0.706965,0.7473295163339255,0.747767505012519,139.570129,10.449938,105.734573,-369.67848304545174,-194.2003325354219,-1774.2534407823468,648.5807132858025,-1455.8691072817135,424.6243749676348
8666,0.708142,0.7472476682706314,0.7438335651647558,139.613937,10.640778,104.648941,-363.70550093616976,-192.57890565825414,-1769.8242898291328,647.8219898310323,-1458.0841003499538,424.6619697837833
8667,0.708142,0.7472476682706314,0.7438335651647558,139.613937,10.640778,104.648941,-358.2307158005565,-191.1198864622788,-1765.4384681762922,647.0391853063499,-1459.6769224488805,424.79587638939677
8668,0.705716,0.7474163712456114,0.7519420936869929,144.169708,10.950711,109.45256,-352.9039357236201,-189.7069141066622,-1761.3918040767453,646.2347066988273,-1461.5105067428276,424.61616363468715
8669,0.705716,0.7474163712456114,0.7519420936869929,144.169708,10.950711,109.45256,-348.11053871055793,-188.33536331141556,-1756.8497777318894,645.2105943419059,-1462.1598629413388,424.65457133666825
8670,0.705716,0.7474163712456114,0.7519420936869929,144.169708,10.950711,109.45256,-343.99716522233206,-187.10113097089456,-1752.5623822068712,644.6892409056302,-1461.9437547793016,424.18885157390605
8671,0.707851,0.7472679042828817,0.7448061875060463,141.118958,11.712716,95.739807,-340.09546847668594,-185.89040339470813,-1748.2039319472146,643.619774029842,-1460.4486204776745,423.26949981903533
8672,0.70597,0.7473987081971181,0.7510931381038732,141.092102,11.00003,101.692772,-336.58431781998996,-185.5011852697751,-1743.281290208346,642.9574941133479,-1458.2027325624165,422.64226333061566
8673,0.706972,0.7473290295569985,0.7477441085988108,141.125671,11.536796,97.180244,-334.825162852345,-184.8507993702491,-1740.8521625772312,642.8617053234028,-1457.982368714968,422.2778872031414
8674,0.704101,0.7475286776366226,0.7573399805639149,140.264053,10.723836,100.207222,-334.44250498810703,-183.9653918426344,-1741.3671368540606,642.7755028971575,-1459.1845766465624,422.5501992351435
8675,0.704101,0.7475286776366226,0.7573399805639149,140.264053,10.723836,100.207222,-334.69833967959727,-183.36865395083728,-1742.330744039861,643.0980600156195,-1461.0667457247034,423.29542746490654
8676,0.704101,0.7475286776366226,0.7573399805639149,140.264053,10.723836,100.207222,-333.7282149743118,-183.23174752617504,-1742.1976297427618,643.3883410085637,-1462.9606387343035,423.56596579623044
8677,0.701795,0.7476890358642829,0.7650474277083004,139.578461,9.925592,104.770386,-333.05521195342527,-182.90848558282715,-1742.0778344571088,643.7496043482354,-1463.8648187377555,424.20954280323105
8678,0.701236,0.7477279084788805,0.7669157984601269,139.674438,9.83914,104.881233,-334.4500293492315,-182.71759068491392,-1742.5701705257052,643.274528589035,-1463.4782430229398,424.28860771587165
8679,0.700809,0.7477576018714265,0.7683429796963157,139.652756,9.863791,104.550018,-335.30521325018395,-182.44577223102158,-1743.113272126986,642.7469604699502,-1463.030320861075,423.75963137644294
8680,0.695734,0.7481105151434891,0.7853053796346314,140.731689,9.354443,107.34639,-334.474528590091,-182.50120590767978,-1741.7016673546048,642.9723087325193,-1462.227130846084,423.48361396630946
8681,0.695734,0.7481105151434891,0.7853053796346314,140.731689,9.354443,107.34639,-333.7269434351643,-182.7511295444846,-1739.3310811099013,643.0750960489576,-1460.2040597500234,423.2352086107874
8682,0.695734,0.7481105151434891,0.7853053796346314,140.731689,9.354443,107.34639,-335.054460522521,-183.07606834235963,-1739.0979358663553,643.1676011771603,-1458.283347867252,422.8116202856811
8683,0.695734,0.7481105151434891,0.7853053796346314,140.731689,9.354443,107.34639,-336.449214395851,-183.7685607707638,-1738.0879975140253,642.850795648185,-1456.4547509673994,422.63043228542216
8684,0.695734,0.7481105151434891,0.7853053796346314,140.731689,9.354443,107.34639,-336.7043258674335,-184.79183670345367,-1735.278835361019,642.3656534966292,-1453.6089087370685,422.067316410986
8685,0.695734,0.7481105151434891,0.7853053796346314,140.731689,9.354443,107.34639,-337.53398960988335,-185.61274834612752,-1731.9505653917822,641.3289677812163,-1449.4475347015903,420.96045625644246
8686,0.695734,0.7481105151434891,0.7853053796346314,140.731689,9.354443,107.34639,-338.2806686736288,-185.8514984598694,-1727.2550181882234,640.3959735092272,-1443.6021704161367,419.5642647348208
8687,0.695734,0.7481105151434891,0.7853053796346314,140.731689,9.354443,107.34639,-338.15258976094253,-186.06636882160385,-1724.8292882389387,640.0563442174913,-1439.941609112977,418.4077294936997
8688,0.695734,0.7481105151434891,0.7853053796346314,140.731689,9.354443,107.34639,-338.43735488779515,-186.25974830737277,-1721.2460561249118,639.1506331349996,-1436.5471608904973,417.26685997942525
8689,0.69656,0.7480530754661051,0.7825446028170848,139.866531,9.842992,104.624863,-339.19367701362944,-186.73380958936679,-1720.821418164627,638.9355534372986,-1435.0923339765914,415.9400729103624
8690,0.69656,0.7480530754661051,0.7825446028170848,139.866531,9.842992,104.624863,-341.7744862515497,-187.0604510248406,-1720.7392707161669,638.5419711097167,-1433.7830108122423,414.94599746589824
8691,0.693046,0.7482974374834506,0.7942896024985111,140.387512,9.402747,107.379234,-342.7971007254423,-188.15447342753407,-1720.4653267412068,638.0877459713952,-1432.604637021052,413.9513363450849
8692,0.696843,0.7480333957703428,0.7815987192343177,140.110458,10.051296,104.793907,-343.81744731609786,-189.13908076326214,-1719.1187192855482,637.9789653333092,-1430.944081102819,413.3561696590142
8693,0.698318,0.7479308249178714,0.7766687606315559,139.151108,11.325338,100.287071,-345.93580846008916,-190.22522697247788,-1716.7067268057106,637.2810339173953,-1427.4494983334368,412.8205259216612
8694,0.694454,0.748199525781566,0.7895835809983835,140.082352,9.963453,104.845047,-348.14232686760795,-191.20274824605514,-1713.9359294892392,636.7529067694603,-1424.1043980309175,412.13844264805095
8695,0.694454,0.748199525781566,0.7895835809983835,140.082352,9.963453,104.845047,-349.8281624298196,-191.98250498893916,-1710.44219510079,636.2775968501787,-1419.893787766465,411.4245694829717
8696,0.694454,0.748199525781566,0.7895835809983835,140.082352,9.963453,104.845047,-350.0453541003007,-192.78428370316493,-1706.6978391636446,635.6498142916589,-1417.0043037103417,409.98205997627895
8697,0.695717,0.748111697316026,0.7853621994964937,140.671371,10.694236,100.217163,-351.34086117234483,-193.50587899529336,-1705.1280037694728,635.4848274522693,-1415.3038175772206,409.08382452384836
8698,0.693874,0.7482398587269445,0.7915221409913342,140.169083,10.157165,105.227608,-354.0068537356569,-193.75529845679716,-1705.6152177715094,635.5363462274988,-1415.1734319714717,408.77543297000676
8699,0.694267,0.7482125296794725,0.7902085994788695,142.062164,10.699421,106.559471,-356.6062374053577,-194.3797851983589,-1708.553774046524,636.0827261173631,-1417.4561494064928,408.3978796446616
8700,0.693255,0.748282903715202,0.7935910524320864,140.217453,10.252226,104.78891,-360.3457030577169,-194.7418153329471,-1711.598469426103,636.8744724325276,-1418.510559671794,408.5580955101972
8701,0.69174,0.7483882561501134,0.7986547048274653,141.798691,9.798222,108.060738,-363.01119009918744,-195.26764511273979,-1713.3386599232267,636.7870233078302,-1419.1595176667727,408.30228045538485
8702,0.692433,0.748340065234342,0.7963384598703711,140.218811,10.340457,104.400681,-365.11011173123353,-196.04089557411538,-1714.504816511497,636.708319453084,-1418.8435597821208,408.07204795179456
8703,0.692433,0.748340065234342,0.7963384598703711,140.218811,10.340457,104.400681,-366.6991282497959,-197.03682337267165,-1714.0543270096966,636.6374862733704,-1417.8591866493032,407.5648343174367
8704,0.692433,0.748340065234342,0.7963384598703711,140.218811,10.340457,104.400681,-368.6292456972424,-198.03315666213533,-1712.3488675598908,636.1737303723743,-1414.6732180148747,407.0083421575362
8705,0.66381,0.7503304960887752,0.8920063955224697,140.256012,10.344298,105.438202,-368.566320239274,-199.12985647673503,-1708.4139252589787,635.5563486202893,-1411.4058500918215,405.807490990788
8706,0.689784,0.7485242755314245,0.8051923312864497,140.256012,10.344298,105.438202,-369.10969511850857,-200.4168871798017,-1703.4724699556723,634.9007054288153,-1406.1651985041713,404.62672689100486
8707,0.689784,0.7485242755314245,0.8051923312864497,140.256012,10.344298,105.438202,-370.1987380585692,-201.17520713230877,-1699.4251766841178,633.2106155617652,-1401.148621295157,402.8640340476071
8708,0.689784,0.7485242755314245,0.8051923312864497,140.256012,10.344298,105.438202,-370.978872280629,-201.6576913840484,-1695.982623590354,632.4895465854787,-1397.633722995826,401.0776122597978
8709,0.689784,0.7485242755314245,0.8051923312864497,140.256012,10.344298,105.438202,-370.48098044139704,-202.2919281195555,-1693.984342724466,632.0405877689494,-1395.8703343648187,399.46983614358095
8710,0.687938,0.7486526455610261,0.8113622998157362,142.766129,11.160535,109.537903,-371.63289199872634,-201.86273173014143,-1692.4858959620933,631.6365256240961,-1393.3832801981225,399.4228521375995
8711,0.687938,0.7486526455610261,0.8113622998157362,142.766129,11.160535,109.537903,-372.46960907567393,-201.9764594102809,-1691.7373007501296,631.472871834001,-1392.044942138468,398.98056360591323
8712,0.687938,0.7486526455610261,0.8113622998157362,142.766129,11.160535,109.537903,-372.42264785104544,-202.27881551062552,-1691.5635695021613,630.9255809555385,-1391.5404445184797,398.18250185716715
8713,0.687938,0.7486526455610261,0.8113622998157362,142.766129,11.160535,109.537903,-372.68038463205164,-202.4509350054292,-1690.7072073483496,630.5330204746317,-1390.386393054158,397.46424730705127
8714,0.687085,0.748711962806557,0.8142133199432995,142.748932,11.123874,110.392494,-373.81235235930234,-202.60584235203683,-1688.8364763829422,629.3797121200059,-1386.9477349435583,396.21781575991554
8715,0.688406,0.7486201010464792,0.8097980824421143,144.235336,11.510429,110.203148,-374.33111967668304,-203.14526077178633,-1686.2528160281795,628.1417348148286,-1383.1529427716878,394.9960281704311
8716,0.688082,0.7486426318642424,0.8108810021623141,140.23317,11.083129,105.58255,-373.3980035755971,-203.33073551620382,-1681.927515265608,627.6275590557052,-1379.1376307079202,393.996420925435
8717,0.689671,0.7485321335018174,0.8055700162505932,137.781601,12.294997,107.077194,-372.35819907262436,-203.09766103537993,-1678.4347498143572,626.8648001092256,-1376.2238560207143,393.2967760436008
8718,0.688805,0.7485923547616412,0.8084644868607569,137.351883,12.268711,107.458076,-372.0223779604186,-202.28789202634934,-1675.4912642715449,625.7783161999432,-1373.8014617269682,392.66709617991717
8719,0.686031,0.7487852575038484,0.8177361513787642,140.31517,11.303513,106.316154,-372.3201411259273,-202.2591027307467,-1674.2421338106408,625.4004833598336,-1372.6213117432767,392.40038570065167
8720,0.686031,0.7487852575038484,0.8177361513787642,140.31517,11.303513,106.316154,-372.48812750155696,-202.13319209173522,-1674.1179200685717,625.4604351980896,-1373.2591824228061,392.16034643295524
8721,0.686031,0.7487852575038484,0.8177361513787642,140.31517,11.303513,106.316154,-372.43931462372194,-202.41987363243152,-1674.706129600288,625.3143912962752,-1375.0332688209844,391.4443099167307
8722,0.687301,0.7486969422613815,0.8134913734631657,141.29216,12.165731,100.395256,-371.49538093921626,-202.77788711199517,-1672.835512236601,624.3829499739227,-1375.029941931054,390.9998778788111
8723,0.687118,0.7487096680010441,0.8141030225643902,141.3228,12.338513,100.633415,-368.2458359604567,-202.90009865972627,-1668.6519521491973,623.1446523529389,-1373.326944129793,390.3998888197282
8724,0.687118,0.7487096680010441,0.8141030225643902,141.3228,12.338513,100.633415,-362.7212418299079,-202.21008747801446,-1661.4867432713886,621.9301848018528,-1369.9942433618949,389.2598977639777
8725,0.686775,0.7487335200704662,0.8152494468360829,141.222488,12.588737,97.623764,-357.3491084275103,-201.08907680638637,-1655.9380594218553,620.1371632445669,-1367.094814049839,387.3339046822797
8726,0.686775,0.7487335200704662,0.8152494468360829,141.222488,12.588737,97.623764,-352.81419058040467,-199.3801664862702,-1650.7442454576246,618.4234442732055,-1363.9853278421342,385.90051200012175
8727,0.686081,0.7487817805257986,0.8175690341379926,141.226257,12.554459,97.579193,-346.53276279064863,-197.6421474216498,-1644.069811633835,616.9810978409015,-1362.5867931138393,384.71045914583556
8728,0.683106,0.7489886607197663,0.8275125099639018,143.676865,12.119171,109.509972,-340.07947843803413,-196.07793072253074,-1636.3628208284197,615.6829864327752,-1360.5281112268879,383.23941139085935
8729,0.683944,0.7489303865676503,0.82471162500857,140.961029,12.238951,101.094627,-333.3715230412845,-194.07013538956343,-1628.2265295843704,614.3146862488348,-1358.67529801799,381.91546876105576
8730,0.683944,0.7489303865676503,0.82471162500857,140.961029,12.238951,101.094627,-328.1343654299692,-192.26312001942898,-1620.5038688000081,612.0832153626421,-1356.70776622235,380.82392077880644
8731,0.683944,0.7489303865676503,0.82471162500857,140.961029,12.238951,101.094627,-323.22092440574477,-190.93680680784274,-1613.5534755810093,610.0748919947177,-1354.6369877114937,379.8415278049495
8732,0.683387,0.748969120103126,0.8265733110707654,140.442444,12.002363,104.317535,-318.1988278428777,-190.44312572182972,-1605.2981212466575,607.3674005728531,-1351.973286753896,378.65737405246443
8733,0.681036,0.7491326076110312,0.8344311637318453,140.130508,11.623605,106.586922,-311.4789400942869,-189.7988126736618,-1595.8683021557326,604.2306581983058,-1349.5759563074835,377.1916355644068
8734,0.68298,0.748997422704452,0.8279336454106461,141.165466,12.554654,101.426399,-303.8310409999757,-188.21893035587433,-1586.7814658985662,601.5075905679807,-1347.3183591757195,375.9724711973765
8735,0.682221,0.7490502032312492,0.8304704851255589,140.94278,12.775189,100.561966,-294.5479313450971,-186.29703617025268,-1578.60331441502,599.3568302241981,-1346.9865230595815,375.07522354073853
8736,0.682221,0.7490502032312492,0.8304704851255589,140.94278,12.775189,100.561966,-287.3931343573913,-183.46733102929755,-1572.3429796020318,597.7211463208853,-1347.6878711313325,374.46770085948503
8737,0.682221,0.7490502032312492,0.8304704851255589,140.94278,12.775189,100.561966,-280.35381750974807,-181.02059674045404,-1566.9086790078638,596.6490311691506,-1349.1190847118978,373.92093050852105
8738,0.680819,0.7491476976957677,0.8351564525567938,140.895081,12.471029,100.466064,-274.4184331696206,-178.9185361494409,-1562.3178091044333,594.9841273259658,-1350.7071769334707,373.9288374611182
8739,0.681055,0.7491312863593723,0.8343676591803519,140.987091,12.640833,101.897697,-269.7765880302658,-177.32668190953336,-1558.5860267288888,594.1857142799115,-1351.5364595657009,373.9359537178002
8740,0.680216,0.7491896300510492,0.8371718864804989,140.884613,12.339016,104.255478,-266.29892799844,-175.194012965021,-1556.6274233639454,592.9671424213491,-1353.3828142615232,373.6423582422809
8741,0.680476,0.7491715497651898,0.836302876828487,140.958359,12.749104,101.683975,-262.36903394886315,-173.07461099453474,-1556.364680943997,592.5704280530563,-1357.2445340634238,373.77812246122676
8742,0.680114,0.7491967230862709,0.8375128056516732,141.011948,12.782404,101.698219,-259.7321297992788,-171.5671494636366,-1557.4282131539867,592.3133851741834,-1361.1200817662866,375.10031059352235
8743,0.679107,0.7492667494241955,0.8408785468808126,141.080215,12.767001,100.991066,-257.05891613076994,-170.61043427083703,-1558.3853920851434,592.682046751727,-1365.6080747456997,376.19027981493036
8744,0.67681,0.749426481795807,0.8485559129218592,143.091537,9.096291,94.601379,-253.55302370493268,-169.54939059777485,-1559.2468530763388,592.3138419911944,-1370.7472684625332,377.07125203767043
8745,0.676369,0.7494571487422068,0.8500298869854643,143.091537,12.49914,110.600746,-248.8977203631372,-168.19445125529708,-1559.2221677635544,592.4824578272556,-1375.3725425813166,377.86412699933214
8746,0.67514,0.7495426128626729,0.8541376287636302,143.162674,11.391328,106.308266,-244.70794754006877,-166.87500588200217,-1557.8999507389133,592.5342120542484,-1378.0352888231948,378.7777144709522
8747,0.677034,0.7494109049341434,0.8478072276832025,142.664291,12.755055,109.970192,-241.13715218259094,-166.0875051607129,-1555.5099552611082,592.4807908397953,-1378.2317599740793,378.99994306141406
8748,0.677421,0.7493839931240374,0.8465137402396303,140.773499,12.715411,101.13063,-239.12343665804238,-165.17875450641915,-1554.0589595142985,591.6327116268216,-1378.0085839427259,379.3999488161142
8749,0.676564,0.7494435885278123,0.8493781297464551,140.772491,12.68293,100.930695,-239.9110931000616,-164.2608789301279,-1554.353063603129,591.8694404965456,-1378.3077255894032,380.0599540248519
8750,0.676228,0.7494669538203075,0.8505011576044401,140.893661,12.678272,102.658669,-239.9199837911508,-163.73479097229983,-1557.0177575711127,592.2824964977805,-1381.77695345788,380.6539586955495
8751,0.675919,0.7494884415446558,0.8515339421524084,140.852402,12.770923,102.297173,-240.2279854461876,-162.96131178930486,-1561.2159822795093,592.5542468781347,-1386.1992586024464,381.5885629296254
8752,0.673844,0.7496327361337257,0.8584693076444294,140.825714,12.659264,110.09108,-238.9051867695616,-161.76518049100778,-1563.5943842889083,592.7988222147284,-1390.9793332192241,381.92970667070693
8753,0.67414,0.7496121524236704,0.8574799735790615,140.945206,12.683627,102.023544,-236.31466785993928,-160.5886623362386,-1564.1349459085677,592.8189399950624,-1394.8814002477638,382.5367360581563
8754,0.674152,0.7496113179489384,0.8574398654412763,140.804947,12.940356,101.735764,-233.2832008289026,-159.42979600894006,-1562.9214512196204,592.5370459727698,-1397.2932604179455,383.3830625207518
8755,0.674152,0.7496113179489384,0.8574398654412763,140.804947,12.940356,101.735764,-229.9548805038779,-159.08681638309437,-1560.7293059381805,592.1833413497609,-1398.1639344394923,383.54475628043986
8756,0.674152,0.7496113179489384,0.8574398654412763,140.804947,12.940356,101.735764,-227.759392309741,-157.87813466564677,-1560.5563753330398,592.4650072332269,-1401.0475411843465,384.2902807012089
8757,0.673636,0.7496472003624132,0.859164515366039,140.789917,12.9467,101.885475,-226.6834530153647,-156.7903211349802,-1561.300737843599,592.6185065189495,-1403.7427872247354,385.3612526941975
8758,0.672693,0.7497127761684339,0.862316346526991,140.291489,12.491279,106.308113,-225.01510762534824,-155.51128895364926,-1562.7706641371963,593.1566558955951,-1407.1685086839436,386.12512746528955
8759,0.67268,0.7497136801827269,0.8623597970095918,140.893021,13.082359,100.818413,-222.81359675773282,-154.7601600224321,-1563.3935977532099,593.3409903148341,-1410.651657981804,386.9126147563482
8760,0.672011,0.7497602021490342,0.8645958256911155,140.79776,12.836927,102.616409,-223.13223709564772,-153.884143982557,-1565.5542380707057,593.7068912990692,-1412.7864922753317,387.321353298272
8761,0.670183,0.7498873204665377,0.8707056320137245,143.084808,9.563711,94.705734,-224.11901342423388,-153.69572957701678,-1567.6988143465492,593.7362021702955,-1413.8078430872863,388.18921800199837
8762,0.668823,0.7499818942694945,0.8752512209627117,143.084808,12.811637,111.58931,-225.30711212315154,-153.52615661341463,-1569.2289329651362,594.1625819681024,-1414.5270588035835,388.77029622201775
8763,0.667732,0.7500577619305427,0.8788977191563472,143.569901,11.704145,107.117325,-226.07640093492773,-153.47354095042542,-1571.30603973367,594.6463237864411,-1415.9743529685493,389.5932666255884
8764,0.668272,0.750020210567604,0.877092852956014,143.094635,12.479634,109.203911,-227.7687608891337,-153.72618686250365,-1573.9754358355394,594.6816914087938,-1416.3769176830406,390.3339399839053
8765,0.667261,0.7500905150637726,0.8804719635644154,143.636154,11.703968,106.170204,-227.79188480080688,-153.9535681820211,-1575.6778922951703,594.9135222737951,-1417.53922594422,391.0005460024241
8766,0.667649,0.7500635337141055,0.8791751337760281,143.276245,11.984184,106.473999,-227.31269630978647,-153.958211363925,-1578.010103118897,595.8221700671597,-1420.185303410207,391.5004914135952
8767,0.666948,0.7501122809463648,0.8815181174916455,143.256592,11.902017,106.373985,-227.48142668227467,-153.76239022350902,-1579.909092846025,596.1399530669731,-1422.166773109899,392.05044228353535
8768,0.664817,0.7502604697508506,0.8886406542933303,140.338669,11.757865,108.638634,-227.43328401315696,-153.4861511960499,-1580.8181835782334,596.7259577711122,-1422.4500958041483,392.84539806988215
8769,0.668138,0.7500295288687777,0.8775407271612821,140.863724,13.091886,100.746056,-225.5899555811631,-153.83753608229293,-1582.036365240684,597.6533620094357,-1424.3050862546056,393.16085826814407
8770,0.667575,0.7500686796416194,0.8794224672923701,140.715622,12.797543,101.83844,-225.1309600161717,-153.45378246831555,-1583.3327287360332,598.9880258284834,-1424.8745776376752,394.0447724545694
8771,0.669447,0.7499385015834319,0.873165597797882,139.073914,14.052987,99.847282,-226.9178640386432,-153.3084042195242,-1587.5994559199482,599.6892232550877,-1426.9871199023862,395.14029522388086
8772,0.668192,0.7500257737324839,0.8773602405412486,140.788727,12.81488,103.304581,-228.92607765914377,-153.57756380083737,-1592.7395103903157,600.9203009445151,-1430.1884079509875,396.12626571345515
8773,0.666699,0.7501295962970532,0.8823503613506878,140.877304,12.843472,102.678375,-230.13346990641332,-153.81980742339877,-1597.965559408349,602.028270862162,-1434.7695672059122,397.213639153983
8774,0.665669,0.7502012220448807,0.885792976510583,140.726181,12.994089,99.744598,-229.8201229126926,-154.03782668320147,-1602.0690035078403,603.3254437886936,-1438.6926105238745,398.1922752482022
8775,0.665669,0.7502012220448807,0.885792976510583,140.726181,12.994089,99.744598,-229.13811061539116,-154.43404401838575,-1604.7621031808758,604.3928994192655,-1441.2233494938707,399.0730477311721
8776,0.665669,0.7502012220448807,0.885792976510583,140.726181,12.994089,99.744598,-229.12429955374208,-154.69063961858973,-1607.185892882082,605.0536094825984,-1443.1010145594303,399.86574296436487
8777,0.665079,0.7502422503858692,0.8877649599516872,140.861526,12.789965,102.790718,-229.61186960186092,-154.72157565695238,-1608.5673036037706,605.7482485393151,-1443.7909131084298,400.5791686730395
8778,0.665018,0.7502464922990901,0.8879688429854284,140.765533,12.82905,102.365509,-230.15068264514898,-155.049418093371,-1610.6105732565682,606.3734236894146,-1444.0118217990112,400.9212518079412
8779,0.664489,0.7502832787268578,0.889736943392792,140.821991,12.774373,102.5746,-231.03561438576932,-155.0444762840052,-1612.3495159410024,606.9360813237382,-1443.610639616782,400.72912662603215
8780,0.664342,0.7502935010423245,0.8902282680806604,140.897781,12.932576,101.092323,-232.13205295291874,-155.94002866028188,-1614.6145643587317,607.7424731955759,-1443.6495756553072,400.8562139640927
8781,0.663546,0.7503488545328785,0.8928887745537439,140.861206,12.724342,100.684464,-234.11884766696562,-156.04602579475193,-1616.6531079324407,608.1682258780196,-1443.7846180904114,401.27059256963116
8782,0.660666,0.7505491284685515,0.902514727622187,143.414856,12.409362,110.004601,-235.40696290571825,-156.1414232156803,-1619.187797149919,608.9514032935308,-1443.9061562818843,401.24353331255355
8783,0.661607,0.7504836917416527,0.8993695811508662,142.574432,12.255606,107.504379,-237.1662666218447,-156.42728089520062,-1620.569017440186,609.1562629649577,-1442.5155406484014,401.61917998272844
8784,0.661607,0.7504836917416527,0.8993695811508662,142.574432,12.255606,107.504379,-239.64963996816977,-157.7845528103314,-1622.8121157038536,609.4406366694365,-1440.863986577902,401.8572619852714
8785,0.661607,0.7504836917416527,0.8993695811508662,142.574432,12.255606,107.504379,-243.18467598225467,-159.60609753491582,-1626.0309041433948,609.9965730042072,-1439.4775879158365,402.0715357874051
8786,0.65966,0.750619085266915,0.9058771265065109,143.794724,11.618876,106.381615,-246.26620839258217,-161.44548778652955,-1629.6278137390386,611.0969157068405,-1439.3298291238427,402.3643822094774
8787,0.658721,0.7506843829146918,0.9090155882882014,143.395538,12.422929,111.407768,-250.73958756449846,-162.9009390115123,-1634.5650323774678,612.2872241391299,-1439.1968462111263,403.2279439906868
8788,0.658582,0.7506940489136704,0.9094801742175465,143.558807,12.268586,109.921829,-253.86562881507658,-164.11084511308118,-1638.6085291488116,613.9585017289742,-1440.2771615924426,404.3051495940399
8789,0.65781,0.7507477334547605,0.9120604644150596,142.94339,11.096522,105.380577,-255.27906593642885,-165.099760603774,-1642.247676241294,615.4626515591202,-1442.249445437189,404.9746346359905
8790,0.65747,0.7507713769054997,0.9131968616523065,142.912491,11.072868,105.317276,-257.2511593463772,-165.38978454392475,-1645.5229086231288,616.3163864047629,-1442.424500893789,405.3771711731245
8791,0.659148,0.7506546895221458,0.9075884070520122,140.865143,12.423138,101.858749,-259.1260434148123,-165.3508060894684,-1648.470617765647,617.4847477662014,-1442.6820508048322,405.8394540565697
8792,0.659148,0.7506546895221458,0.9075884070520122,140.865143,12.423138,101.858749,-262.0134390775901,-166.01572548150233,-1652.223555994618,618.9362729917224,-1442.6138457242484,406.25550865152644
8793,0.659148,0.7506546895221458,0.9075884070520122,140.865143,12.423138,101.858749,-265.2120951740774,-167.51415293534131,-1654.9012003987107,618.9426456925586,-1440.952461149618,406.1299577862071
8794,0.659148,0.7506546895221458,0.9075884070520122,140.865143,12.423138,101.858749,-268.9908856611845,-169.76273764449374,-1655.6110803596875,618.4483811227122,-1437.2572150302412,405.11696200637607
8795,0.658527,0.7506978735895253,0.909664003182395,140.240677,11.789591,106.512428,-272.19179709850806,-171.886463882328,-1654.7499723227932,617.8035430097476,-1433.1314935227808,404.20526580475814
8796,0.656459,0.7508416814016682,0.9165759722607079,139.136292,13.137956,102.128716,-273.8726173902839,-173.09781749526752,-1651.7749750876346,617.0231887080176,-1428.4183441659413,402.8847392230044
8797,0.659489,0.7506309765318456,0.9064486674699501,139.136292,13.137956,102.128716,-274.38535565170207,-173.68803574625483,-1648.0974775756679,615.7208698360815,-1424.0765097455655,401.2962652993204
8798,0.657689,0.7507561477416412,0.9124648881377269,140.29509,11.948895,106.066376,-274.64682008673685,-174.5192321722809,-1643.9877298148795,614.9487828518681,-1419.5688587674754,399.5666387680325
8799,0.658191,0.7507212388820205,0.9107870310403805,140.960358,12.54382,103.501221,-274.8821380782292,-175.06730895543947,-1639.4889568302176,614.6539045664733,-1414.6119728872309,398.90997489076597
8800,0.657511,0.7507685257834988,0.9130598255148739,143.679169,12.313781,107.916557,-275.69392427092174,-175.16057805995473,-1638.3400611464665,615.5885141104194,-1412.950775597453,398.6189774015046
8801,0.653906,0.751019215900895,0.9251089785745048,143.529831,11.2051,106.131294,-277.62453184493285,-174.84452025377865,-1640.2060550328865,616.0296626996296,-1412.0556980371962,398.057079661033
8802,0.654978,0.7509446694915056,0.9215259849323623,140.64563,12.15275,105.015038,-281.162078662259,-174.5600682282545,-1645.8854495325188,617.5266964304366,-1413.2501282340909,397.9513716948753
8803,0.654978,0.7509446694915056,0.9215259849323623,140.64563,12.15275,105.015038,-286.2458707983863,-175.20406140572715,-1650.696904581494,619.2740267882018,-1413.2251154106702,398.2562345255289
8804,0.654978,0.7509446694915056,0.9215259849323623,140.64563,12.15275,105.015038,-293.2212837214536,-176.4836552656875,-1656.0272141255653,620.1466241097452,-1411.702603868969,398.73061107317363
8805,0.654679,0.7509654618202439,0.9225253460321761,140.47905,12.050418,106.708786,-299.9991553518495,-179.03528974007546,-1660.7244927147701,621.0319616991026,-1409.1323434811084,400.1575499663913
8806,0.655038,0.7509404971178457,0.9213254442434362,141.248474,12.912804,100.861069,-305.8992398186555,-181.2317607668091,-1665.2520434448206,621.5287655293599,-1407.0191091322845,401.641794970253
8807,0.65177,0.7511677524031858,0.9322482271002666,143.799683,12.720484,112.783005,-311.5093158384937,-182.80858469060706,-1669.826839101728,622.7758889768027,-1406.117198218782,403.4776154737852
8808,0.651231,0.7512052342265635,0.9340497509557841,143.799683,12.395979,110.589714,-317.2583842562157,-184.32772622196157,-1676.3441551933363,624.0983000794838,-1407.5054783972832,404.82985392677625
8809,0.651488,0.7511873625593871,0.9331907683382186,143.777039,11.858647,107.114296,-322.43254583186695,-185.29495360000337,-1684.0097396758883,626.2884700720741,-1411.1549305584526,406.2468685344472
8810,0.651423,0.7511918826308519,0.9334080207512212,142.096451,11.750993,106.501404,-326.38929124955627,-185.96545824015146,-1690.0087657096276,628.159623065281,-1413.8394375032017,408.12218168141766
8811,0.654263,0.7509943902776188,0.9239157614753952,138.540939,13.776113,99.655525,-328.35036212499136,-186.76891241629642,-1695.107889139681,629.7436607590686,-1416.255493753363,409.4099635135325
8812,0.656996,0.7508043386574126,0.914781133094821,140.316696,14.66581,111.81031,-329.815325912755,-187.79202117485025,-1698.8971002263925,630.4692946832918,-1417.3299443782194,410.3689671623512
8813,0.652796,0.7510964048136023,0.9288189813196337,137.285706,13.553838,100.455139,-329.93379332149857,-188.21281905743314,-1703.307390204465,631.6223652151486,-1420.1969499408601,411.83207044635225
8814,0.651259,0.7512032871188555,0.9339561653009518,141.416138,12.81306,101.359459,-331.24041398953847,-187.89153715164315,-1708.7766511848129,633.3601286938862,-1424.1772549473524,413.3488634019373
8815,0.651353,0.7511967504001218,0.9336419848883017,141.398102,12.999914,100.773155,-333.2163725908429,-187.80238343646718,-1714.9989860671449,635.4241158247673,-1428.8595294532292,414.51397706189596
8816,0.651137,0.7512117709452972,0.9343639313684347,141.440018,13.002477,100.956841,-335.5947353320385,-188.1221450928581,-1721.4990874611951,637.0817042424856,-1433.573576508461,415.66257935584144
8817,0.649775,0.7513064838273759,0.9389162050070525,141.001617,12.347572,111.474152,-338.13526179910366,-188.9099305836557,-1728.3491787158011,638.9735338184374,-1437.816218858064,417.49632142045147
8818,0.646876,0.7515080790147078,0.948605662626989,143.820938,12.347572,111.474152,-340.62173561943024,-190.21893752541487,-1735.5142608449037,640.676180436756,-1442.0345969726595,419.4466892785922
8819,0.648041,0.7514270654261457,0.944711830917011,140.783264,12.260303,104.164612,-343.0595620576963,-191.59704377299158,-1742.0628347609747,642.3085623932204,-1446.2311372757536,421.0020203508663
8820,0.649487,0.7513265112209432,0.9398788003138967,140.923294,12.573727,103.714821,-344.25360585201884,-192.0373393957264,-1747.0565512852625,643.677706154004,-1450.708023548524,422.00181831585684
8821,0.647821,0.7514423641295651,0.9454471467764058,140.833038,12.031276,104.412025,-344.7282452668499,-192.0336054561535,-1751.4508961570416,645.0099355386961,-1455.4372211940001,422.1016364842781
8822,0.647933,0.7514345756987334,0.9450728041570775,141.036072,12.089858,110.33503,-345.2554207401979,-191.13024491048168,-1754.0058065414971,646.7089419849327,-1459.293499074841,422.89147283589966
8823,0.644591,0.7516669769115872,0.9562429205302498,142.109222,12.089858,110.33503,-346.52987866624983,-191.01722041942713,-1756.205225887471,648.1380477865199,-1461.464149167479,423.2023255523271
8824,0.653717,0.7510323588779235,0.9257406817446214,137.578491,14.942388,112.853043,-347.17689079965766,-192.21549837754512,-1758.7847032988548,649.1242430079179,-1463.2177342508198,423.4820929971086
8825,0.643251,0.751760159923324,0.9607216625829285,139.966278,11.166112,104.688019,-349.659201719805,-193.1939485398352,-1761.4062329690887,650.4118187071848,-1464.295960825787,424.33388369743653
8826,0.645762,0.7515855460856591,0.9523290347513798,142.450592,12.367262,108.354218,-351.7932815479121,-193.9745536858837,-1763.1656096722522,651.6706368365179,-1465.5663647432602,425.2004953277284
8827,0.645762,0.7515855460856591,0.9523290347513798,142.450592,12.367262,108.354218,-354.21395339321026,-195.3770983173471,-1765.5490487051147,652.9035731529117,-1466.6097282689727,425.98044579498435
8828,0.64421,0.7516934714843273,0.9575163539049298,140.552353,11.255841,103.864159,-359.0925580540514,-196.93938848566432,-1769.694143834741,654.213215837664,-1466.1487554420603,426.88240121551587
8829,0.644212,0.7516933324052053,0.9575096692152987,141.280396,12.020583,107.889854,-363.68330224878355,-198.64544963714891,-1772.4247294513484,654.9918942539209,-1465.033879897821,427.89416109399457
8830,0.642079,0.7518416602888132,0.9646388907066146,140.382553,10.997807,101.968575,-368.01497202402174,-199.98090467346995,-1776.2822565063173,656.1927048285612,-1465.0304919080388,428.4047449846088
8831,0.641835,0.7518586279416966,0.9654544228415793,140.367554,11.010176,101.605888,-372.51347482172855,-201.08281420614966,-1779.5540308557645,656.5734343457143,-1463.5274427171985,428.8642704861591
8832,0.641889,0.7518548728054026,0.9652739362215463,141.490692,11.364324,107.756714,-375.9621273396309,-202.6745327855694,-1782.2986277702478,657.1160909111547,-1462.7746984454623,428.87784343754356
8833,0.642736,0.7517959727972378,0.9624429701628756,142.237793,11.344632,106.632645,-378.5659146057189,-204.0070795070386,-1781.5687649932086,658.0044818200568,-1460.8972286008793,429.29005909379737
8834,0.686015,0.7487863701368244,0.8177896288958109,143.036346,11.341557,109.387558,-380.10932314517424,-205.40637155635946,-1781.011888493878,658.904033638067,-1459.007505740758,428.36105318440127
8835,0.684803,0.7488706520847535,0.821840550812114,143.036346,11.341557,109.387558,-380.9983908306709,-206.26573440073713,-1777.4106996444327,658.5136302742541,-1454.5067551666107,427.2249478659431
8836,0.684803,0.7488706520847535,0.821840550812114,143.036346,11.341557,109.387558,-381.5985517476124,-207.03916096067448,-1773.9696296799402,657.9622672468208,-1450.256079649889,425.6024530793256
8837,0.639884,0.7519942996252028,0.9719753375764868,143.036346,11.341557,109.387558,-383.3386965728736,-207.33524486461084,-1770.4726667119012,657.3660405221311,-1445.1304716848342,423.74220777136907
8838,0.639815,0.7519990978549116,0.9722059593687513,143.140488,11.272841,108.578789,-387.6048269156356,-208.0017203781575,-1767.8254000406803,657.2294364699164,-1438.8174245162777,421.66798699420815
8839,0.645501,0.7516036959110795,0.9532013867482072,137.251663,13.105298,105.817474,-393.1443442241298,-209.0015483403522,-1766.342860036597,656.4064928229162,-1432.9356820645885,419.6011882947658
8840,0.642465,0.7518148180182681,0.963348745607858,139.229538,12.411145,105.809952,-398.82990980177016,-210.90139350633478,-1765.0085740329248,655.9658435406205,-1426.3421138580677,417.94106946527364
8841,0.641788,0.7518618963010634,0.9656115130479046,139.229538,12.251749,105.292007,-404.4469188216406,-213.2112541557208,-1762.8077166296137,655.2692591865525,-1419.607902472204,416.24696251873195
8842,0.644594,0.7516667682929042,0.956232893495804,139.229538,13.305132,111.127693,-409.60222693951573,-215.49012874016603,-1760.8269449666373,654.6423332678925,-1412.8471122249323,414.22226626684335
8843,0.638826,0.7520678724807381,0.9755115383912134,141.849075,11.555866,108.576195,-413.74200424559257,-217.74111586616482,-1758.3442504699567,654.2780999411008,-1406.1624010023934,412.90003964015
8844,0.639992,0.751986789352615,0.9716143643364199,142.821213,9.57149,97.28569,-418.76780382106426,-219.46700427955895,-1758.6098254229626,654.3502899469912,-1401.5461609021256,411.61003567612704
8845,0.639745,0.7520039656241815,0.9724399235058314,143.015778,8.627085,91.724564,-425.3910234389946,-220.72030385161,-1759.9488428806737,654.515260952293,-1396.3915448118846,410.94903210851066
8846,0.636291,0.752244155267867,0.9839843824983321,142.155289,11.380081,108.655449,-432.55192109513087,-222.24827346645662,-1762.7539585926204,654.763734857065,-1392.6523903306775,410.55412889765756
8847,0.634922,0.7523393549268726,0.9885600525506582,143.220032,11.253384,108.937904,-440.09672898565174,-224.0234461198189,-1768.678562733385,655.6873613713626,-1391.6871512976054,410.8987160078933
8848,0.632768,0.7524891431412614,0.9957594632830982,143.229279,11.195917,109.258316,-448.2870560871197,-225.6211015078435,-1775.5107064600743,656.9186252342313,-1390.51843616784,411.30884440710565
8849,0.632768,0.7524891431412614,0.9957594632830982,143.229279,11.195917,109.258316,-455.35835047843347,-228.3589913570691,-1780.159635814084,658.0267627108121,-1389.166592551051,411.77795996639685
8850,0.632768,0.7524891431412614,0.9957594632830982,143.229279,11.195917,109.258316,-461.122515430609,-229.72309222136664,-1783.1436722326853,659.1240864397345,-1387.8499332959418,412.3001639697589
8851,0.632885,0.7524810070126247,0.9953684089396924,141.562347,11.117102,107.485764,-465.2102638875602,-230.9507829992336,-1785.529305009424,660.0116777957636,-1386.4649399663435,413.17014757278554
8852,0.632977,0.7524746093730129,0.9950609132166726,141.124954,14.198201,104.732681,-467.9892374988115,-231.1557046993108,-1787.4763745084867,660.6105100161888,-1386.2184459697087,413.2531328155072
8853,0.6316,0.7525703653485065,0.999663322027522,142.774841,10.187528,104.732681,-469.6903137489344,-232.2401342293823,-1788.6287370576408,661.3494590145716,-1385.9966013727374,413.8278195339579
8854,0.631351,0.7525876806991949,1.0004955658865646,142.793015,10.224392,104.673203,-471.82128237404555,-232.41612080644444,-1792.565863351885,661.9145131131156,-1387.3969412354668,414.44503758056334
8855,0.6306,0.752639904909504,1.0030056668429537,143.299927,11.510142,110.215706,-473.83915413664494,-232.1745087257995,-1795.2092770167017,662.1230618018044,-1388.6572471119225,415.30053382250867
8856,0.631592,0.7525709216649945,0.9996900607860453,140.850342,13.871593,102.298264,-472.95523872297895,-232.55705785322024,-1796.788349315034,662.5107556216246,-1391.391522400735,415.6704804402584
8857,0.63393,0.7524083381713822,0.9918756586075665,140.743881,11.586164,102.298264,-471.95971485067946,-232.3013520678978,-1797.6095143835319,663.059680059463,-1393.3523701606648,416.60343239623404
8858,0.635078,0.752328506755357,0.9880386467594509,137.385544,13.389669,96.666168,-468.96374336560723,-231.57121686110696,-1798.54856294518,663.4537120535173,-1397.317133144604,416.74308915661084
8859,0.630679,0.7526344112841853,1.0027416216025347,142.220398,11.594151,107.358856,-465.9673690290427,-230.41409517499483,-1799.5937066506633,664.4083408481667,-1401.6854198301492,417.56878024095073
8860,0.629686,0.7527034640682558,1.0060605700042582,140.893173,14.582444,97.819351,-463.7706321261359,-229.57268565749436,-1800.9343359855984,665.3675067633512,-1405.716877847139,418.1119022168563
8861,0.631586,0.7525713389023605,0.9997101148549383,143.477478,9.987332,97.819351,-461.49356891352,-229.01541709174433,-1802.34090238704,666.4307560870172,-1409.3451900624289,419.3007119951719
8862,0.632005,0.7525422018263025,0.998309672377272,141.128723,11.629107,102.137718,-460.0442120221666,-228.91387538256978,-1802.8068121483366,667.0876804783162,-1412.3106710561888,420.8706407956562
8863,0.631974,0.7525443575526934,0.9984132850665506,137.032959,12.757298,99.557274,-457.33979081994767,-229.42248784431322,-1803.226130933503,667.0789124304845,-1416.4796039505734,421.88357671609134
8864,0.628091,0.752814379668047,1.0113916099848717,142.30751,11.61584,109.623642,-453.50581173795007,-229.48023905988197,-1802.2035178401522,666.8710211874359,-1419.4316435555181,422.1952190444825
8865,0.630869,0.7526211987675957,1.0021065760876025,140.431015,15.492375,101.86837,-447.6552305641511,-228.7322151538933,-1798.9831660561347,666.383919068692,-1421.888479199968,422.0756971400342
8866,0.631262,0.7525938697201238,1.0007930345751381,141.247238,11.882327,101.86837,-442.8897075077332,-227.35899363850314,-1796.78484945052,665.7455271618225,-1423.8996312799725,421.5681274260305
8867,0.629951,0.7526850360845915,1.0051748486281689,140.990829,11.551884,101.573296,-438.5007367569575,-225.62309427465186,-1795.8063645054672,666.3709744456405,-1427.2096681519772,422.2113146834279
8868,0.627602,0.7528483845133748,1.0130260165996177,141.111679,11.457363,100.52401,-436.1506630812606,-223.4607848471856,-1796.6257280549207,667.1338770010768,-1431.0887013367815,422.89018321508536
8869,0.624713,0.7530492843050968,1.0226820507713996,141.884079,10.010292,104.048866,-435.5355967731343,-222.21470636246647,-1799.66315524943,667.8204893009695,-1435.5798312031052,423.90116489357735
8870,0.625081,0.7530236937466497,1.0214520678793209,141.862076,10.322719,104.600594,-434.7820370958206,-221.59323572621958,-1802.5968397244878,668.7384403708729,-1439.4218480827963,425.01104840422
8871,0.623802,0.7531126348451656,1.0257269268982578,143.601212,11.065476,108.504097,-435.40383338623883,-221.8339121535977,-1805.5371557520398,669.2645963337858,-1441.7796632745174,425.8099435637983
8872,0.624359,0.7530739013096899,1.0238652408360625,140.934555,14.080261,104.512909,-436.06345004761516,-222.45052093823813,-1807.2834401768362,670.1381367004075,-1442.3016969470657,426.12894920741866
8873,0.623311,0.7531467787696153,1.027368018202635,142.334351,10.234912,104.512909,-436.7571050428538,-223.5054688444146,-1806.6550961591524,669.9243230303667,-1440.5715272523587,427.0160542866771
8874,0.623218,0.7531532459487881,1.0276788562704695,141.675125,10.952297,107.818008,-439.0813945385691,-224.1549219599733,-1807.8895865432376,670.1318907273301,-1439.7143745271226,427.61444885800955
8875,0.623556,0.7531297415771709,1.0265491437228538,140.349884,10.625499,101.791687,-442.27325508471296,-225.33942976397628,-1811.0006278889146,670.3187016545971,-1440.5429370744105,428.5530039722088
8876,0.622461,0.7532058873964632,1.0302090112957516,141.796616,10.02703,103.848015,-445.0459295762423,-225.40548678757867,-1813.9005651000239,671.0868314891376,-1441.6886433669697,429.59770357498815
8877,0.62221,0.7532233418262736,1.0310479398444246,141.764648,10.093503,104.601097,-447.1413366186185,-225.76493810882087,-1817.0105085900223,672.378148340224,-1443.919779030273,430.5379332174895
8878,0.621798,0.7532519921254046,1.0324249859083827,142.278824,10.969956,107.963562,-448.9272029567569,-225.98844429793886,-1819.7094577310204,673.1403335062018,-1445.727801127246,430.7841398957407
8879,0.620609,0.7533346746634307,1.036399033893931,142.83313,10.7761,108.782242,-450.3344826610814,-226.289599868145,-1822.2385119579187,673.4263001555818,-1446.7550210145216,430.80572590616663
8880,0.620832,0.7533191673413282,1.0356536910000895,141.716125,10.839256,108.402634,-450.90103439497335,-226.86063988133057,-1822.3146607621268,673.8836701400237,-1446.4795189130693,430.62515331554994
8881,0.622968,0.7531706308390375,1.0285144424743278,140.418869,10.866378,102.093719,-450.91093095547603,-227.77457589319764,-1822.3831946859143,674.0953031260213,-1446.5315670217624,430.0626379839948
8882,0.625439,0.7529987985838125,1.0202555084353961,139.626328,12.289839,102.67128,-451.31983785992844,-228.29711830387794,-1821.0448752173227,673.7857728134192,-1445.378410319586,429.15637418559527
8883,0.621501,0.7532726453750209,1.0334176623185658,140.216721,10.715886,100.618774,-450.9878540739355,-228.56740647349017,-1819.7403876955902,673.4071955320773,-1445.2405692876273,428.34073676703565
8884,0.619328,0.7534237548410686,1.0406805776024988,141.96904,10.846285,108.863853,-451.18906866654197,-228.1106658261411,-1819.0663489260314,673.6664759788696,-1444.7165123588645,428.4066630903321
8885,0.619019,0.7534452425654168,1.041713362150467,140.408646,12.3887,117.983047,-452.17016179988786,-227.5995992435269,-1819.8597140334284,673.5998283809827,-1445.6448611229782,427.8659967812988
8886,0.620472,0.7533442015832874,1.036856935133645,140.250946,10.817679,100.314941,-452.9531456198992,-227.0396393191742,-1820.0737426300857,673.3398455428844,-1445.2803750106805,427.2793971031689
8887,0.622498,0.7532033144327063,1.0300853445375804,137.55249,12.170266,98.66861,-452.95783105790923,-226.93567538725677,-1817.166368367077,672.3058609885959,-1443.3523375096122,426.25145739285193
8888,0.622174,0.7532258452504695,1.0311682642577802,137.918945,12.192641,98.840416,-452.36204795211825,-226.6421078485311,-1814.649731530369,671.3752748897363,-1440.617103758651,425.12631165356663
8889,0.617796,0.7535302894485169,1.0458010498597399,142.875931,10.714334,107.742485,-452.8258431569065,-226.577897063678,-1812.784758377332,670.4377474007625,-1438.0553933827857,424.8136804882099
8890,0.616911,0.7535918319599997,1.048759025021397,141.563721,9.964883,104.748581,-453.6432588412159,-226.3201073573102,-1810.906282539599,669.5939726606863,-1436.249854044507,424.53231243938893
8891,0.618183,0.7535033776384108,1.0445075624161677,140.354614,10.937824,101.545334,-453.8789329570943,-226.88809662157925,-1809.315654285639,669.0345753946176,-1436.624868640056,424.57908119545
8892,0.618734,0.7534650613403011,1.042665930422865,141.741318,11.77292,109.194145,-453.8910396613849,-226.89928695942132,-1808.184088857075,669.0311178551559,-1436.7623817760505,424.421173075905
8893,0.615364,0.7536994096608629,1.0539296324508696,140.696945,12.213614,117.680733,-453.9019356952465,-226.4093582634792,-1808.1656799713676,668.8280060696403,-1437.2861435984455,424.57905576831456
8894,0.6157,0.7536760443683678,1.0528066045928846,142.44809,10.215433,104.385826,-453.3117421257218,-224.96842243713118,-1807.749111974231,668.2452054626763,-1437.5575292386009,424.7211501914831
8895,0.619584,0.7534059527134532,1.0398249373297483,137.83049,12.424338,98.816025,-451.7805679131496,-224.27158019341806,-1805.4742007768077,667.4206849164086,-1438.001776314741,424.54903517233475
8896,0.61762,0.7535425284112525,1.0463893025472562,140.548721,11.041582,102.289673,-449.40251112183455,-222.8444221740762,-1801.8267806991269,666.4786164247678,-1438.3015986832668,424.59413165510125
8897,0.614282,0.7537746514658623,1.0575460495411666,140.447037,13.15358,100.036308,-445.762260009651,-221.55997995666857,-1798.9441026292143,665.430754782291,-1440.4714388149403,424.8347184895912
8898,0.617911,0.7535222923990021,1.0454166802059652,138.3284,12.302663,100.036308,-441.4860340086858,-219.70398196100166,-1796.9496923662928,665.0876793040619,-1443.0242949334463,425.2512466406321
8899,0.614474,0.7537612998701507,1.0569043193366041,141.84938,11.187735,106.9384,-437.03743060781716,-217.83358376490145,-1795.7547231296635,665.0789113736557,-1446.521865440102,425.82612197656886
